10 chr=32 
20 e$="Polygon Cracking Service"
30 a=2.9
40 b=3
50 MODE 2
55 ENV 1,16,-1,160
56 ENT -1,100,100,10,100,-100,10
60 ORIGIN -14,0:e=9:DIM ex(18),ey(18):FOR w=0 TO 2*PI-0.001 STEP 2*PI/e:z=Z+1:ex(z)=COS(w)*80+100:ey(z)=SIN(w)*80+200:NEXT:FOR a=1 TO e-1:FOR b=a+1 TO e:PLOT ex(a),ey(a),1:DRAW ex(b),ey(b):NEXT:NEXT
70 ORIGIN 450,0:FOR a=1 TO e-1:FOR b=a+1 TO e:PLOT ex(a),ey(a),1:DRAW ex(b),ey(b),1:NEXT:NEXT
80 a=2.9:b=3:e=0
90 WINDOW #2,1,1,1,25:WINDOW #3,80,80,1,25:WINDOW #4,1,80,20,20
100 BORDER 0:INK 0,0
110 va=1
120 ORIGIN 320,0
125 SOUND 1,4000,2300,0,1,1:SOUND 2,4005,2300,0,1,1:SOUND 4,4010,2300,0,1,1
130 READ x$,y$:IF x$="origin" THEN READ x$,y$:PLOT va*VAL(x$)*b,VAL(y$)*a:GOTO 130 
140 fa=fa+1:IF fa=27 THEN fa=0 ELSE INK 1,fa
150 x=VAL(x$):y=VAL(y$) 
160 IF VAL(x$)=-1 AND va=-1 THEN GOTO 660 ELSE IF VAL(x$)=-1 THEN PLOT 0,0:va=-1:RESTORE 190:GOTO 130
170 DRAW va*(x*b),y*a
180 GOTO 130
190 DATA origin,,0,0,22,0,34.4,8,32,24,37,32,48,66,42,115,38,123,28,130,18,135,0,135 
200 DATA origin,,0,118,21,116,29,112,38,109,43,105
210 DATA origin,,0,107,11,107,21.9,106,43,102,43,98
220 DATA origin,,0,0,0,39,origin,,0,49,0,135 
230 DATA origin,,0,100,6,100,12,100,22,103,36,101,44,98
240 DATA origin,,12,100,36,101,44,96
250 DATA origin,,0,92.2,4,91,8,90,13,87,19,84,28,81,34,80,41,78,47,67
260 DATA origin,,0,81,6,79,11,74,28,66,38,62,44.5,55
270 DATA origin,,0,74,5,73,7,72,10,73.2,10.6,74
280 DATA origin,,0,69,8,69,13,68,16,66
290 DATA origin,,0,64,4,65.2,8,66,12,64,14,61
300 DATA origin,,0,61,13,61
310 DATA origin,,4,65,9,63,12,64
320 DATA origin,,0,61,6,60,12,59,14,61,25,56,31,48,38,45
330 DATA origin,,0,54,5,55,11,51.5,17,40,11,35,0,32
340 DATA origin,,0,50,4,49,8,47,10,42,8,41,0,39
350 DATA origin,,13,88,15,92,22,95,34,92,36,90,37,88,34,89,27.5,86,20,87,18,88.3,13,88
360 DATA origin,,13,89,14,94.2,21,97.2,34,94,38,89,39,86,35,88
370 DATA origin,,18,135,15,116,11,107,8,100,4.2,92,9,69.5,8,69,7.5,66
380 DATA origin,,12,100,7.9,90,13,63.3,18,32,20,20,20,16,22,0
390 DATA origin,,27,130,30,113,32,104
400 DATA origin,,38,123,39,109,34,91
410 DATA origin,,42,113,41,97,38,90
420 DATA origin,,42,115,42,94,42,78,39,74,37,62,30,50,21,41,16,40
430 DATA origin,,10,0,10,12,11,19,9,29,13,36,16,40
440 DATA origin,,0,36,16,40
450 DATA origin,,7,41,12,36
460 DATA origin,,10,42,16,40
470 DATA origin,,29,86,29,82,28.2,76,26,56
480 DATA origin,,20,87,17,82,16,74,16,66,14,60,16,66,11,76
490 DATA origin,,6,73,6,70,4,64,6,60,3,49
500 DATA origin,,15,62,12,52,7,47
510 DATA origin,,13,87,16.5,73
520 DATA origin,,13,87,17,83,28,76,38,74
530 DATA origin,,46,81,42,84,38,88,35,80
540 DATA origin,,21,106,22,103,23.5,95
550 DATA origin,,12,100,15,92
560 DATA origin,,0,30,11,32
570 DATA origin,,0,27,10,29,16,32,26,35,21,40
580 DATA origin,,48,66,42,56,35,44,31,36,30,30,25,24,19,17,11,12,0,10 
590 DATA origin,,30,48,25,34,26,18
600 DATA origin,,24,35,30,36,33,34,35,29
610 DATA origin,,48,66,32,25,25,18,20,15,11,10,0,10
620 DATA origin,,0,17,20,20.5,25,24
630 DATA origin,,0,23,11,22
640 DATA origin,,13,72,7,70
650 DATA -1,0
660 PRINT #3,e$:PRINT #2,e$
670 tempo=12
680 status=1
690 WHILE status<>0 AND NOT brk
700 READ status,tone,duration
710 SOUND status,tone,INT(tempo*duration*0.8334),15
720 WEND
730 FOR o=1 TO 1000:NEXT:CLS:CAT
740 INPUT #4,"Welches Programm soll geladem werden ";name$
750 RUN name$
760 DATA 49,159,2,42,190,2,28,239,2
770 DATA 17,190,1,10,239,1,49,179,2,42,213,2,28,239,2,49,159,4,42,190,4,28,239,4,49,159,2,42,190,2,28,239,2,49,142,2,42,179,2,28,239,2,49,159,2,42,190,2,28,239,2,49,142,2,42,179,2
780 DATA 28,239,2,49,134,2,42,159,2,28,201,2,17,159,1,10,201,1,49,150,1,42,179,1,28,201,1,49,134,4,42,159,4,28,201,4,49,134,2,42,159,2,28,201,2,49,119,2,42,150,2,28,201,2,49,134,2,42,159,2
790 DATA 28,201,2,49,119,2,42,150,2,28,201,2,49,113,4,42,134,4,28,169,4,49,113,1,42,134,1,28,169,1,49,134,1,42,169,1,28,239,1,49,113,2,42,134,2,28,169,2,49,106,4,42,134,4,28,179,4
800 DATA 49,106,1,42,134,1,28,179,1,49,134,1,42,179,1,28,213,1,49,106,2,42,134,2,28,179,2,49,106,4,42,127,4,28,159,4,49,106,1,42,127,1,28,159,1,49,127,1,42,159,1,28,213,1
810 DATA 49,106,2,42,127,2,28,159,2,49,100,4,42,127,4,28,169,4,49,100,1,42,127,1,28,169,1,49,127,1,42,169,1,28,201,1,49,100,2,42,127,2,28,169,2,49,95,10,42,127,10,28,150,10,0,0,0
